22.248648351648303
18.810283783783785
13.556884120171608
34.86685802469144
17.259706030150717
22.026142857142876
5.2096371308017035
10.234548275862164
-12.537018633540375
4.153939778129902
-49.62753012048193
-29.460871999999995
-33.60203529411764
-0.3732277691107652
-0.2791897810219154
-8.44350583657588
-21.507512605042017
-0.23435151515150623
-57.82403846153847
-16.113289772727263
7.11942572062084
-12.220850678733024
-1.4667559055117592
-0.9791194029850786
-3.068879725085915
-1.4227107023411592
-31.98106306306307
-47.95589830508475
-2.4557572815533937
-17.322153846153846
-11.88186216216219
-23.91402702702704
-25.302860465116293
-51.714701492537316
23.255234374999958
-1.3690238095238105
-17.826102803738326
-31.42860869565218
-42.494746987951814
-13.960610738255024
-55.529634615384616
10.43297101449277
-9.685156000000003
30.745385474860324
6.016099489795904
11.653216572504734
-5.713095948827311
5.622063444108757
5.07530734966591
-5.738507812500007
10.518877388535053
-14.675546099290782
-5.7970628415300585
15.083819298245636
-2.3107198177676462
-7.158041397153953
-0.7653260000000105
17.078810126582308
-89.15322222222223
4.646814705882355
-3.3139036827195563
-10.511172077922083
21.701831649831636
-38.235295081967216
5.03854984423675
-43.95305555555555
18.39070129870131
2.3407694117646916
-71.21096428571428
37.44189583333331
10.756576315789468
-11.364624390243918
4.9789852071005924
-17.487603658536592
16.043720067453634
19.202341222879692
0.36239642857142856
24.374671328671315
6.641317280453251
-17.804642201834874
-0.016467336683426446
19.827934210526323
-21.578246913580248
-5.604786885245902
42.65547148288972
30.97219471947195
-8.76389403973509
15.587128571428547
18.508320359281406
27.399398843930623
0.32252755905508956
-24.797179104477614
39.38325660377358
-7.72372307692308
-14.85056807511737
7.542937499999984
20.9088923679061
6.179675381263619
19.318400468384066
27.953462921348272
7.009550387596892
52.85969189189188
37.74350757575759
39.21631855955679
-14.198175675675678
-42.83157692307692
-9.895411764705884
116.75257142857143
0.2808131868131978
-7.987054054054055
25.99832818532817
43.35016398713828
35.91870707070707
0.19859199999998417
9.606878205128206
3.8969132231404653
12.711991869918698
35.778664772727296
-14.820990291262122
101.15853333333334
11.994888000000001
40.0944389534884
10.404034129692812
61.310491803278666
21.666565055762103
-108.42481818181818
47.68448186528498
1.0149579439252294
42.78500000000007
-12.693289473684214
5.739421917808176
118.03374999999998
102.11544444444446
-25.83575912408759
-56.826964912280694
-5.975917847025499
-2.108468493150676
-83.26078125000001
-24.966423913043485
-49.41032584269663
-19.181151515151516
-24.189242857142858
3.9700952380952064
-17.50631955922863
-36.47892258064517
-10.423039106145238
-31.400292537313526
-34.64302298850574
-35.8365
-46.73123770491804
-55.705894736842104
-10.788543181818186
-8.260153465346534
-0.48515315315315394
-4.0862291105121304
8.807041782729785
3.8777436708860638
-7.248867283950624
7.374740882917457
-3.166812500000001
19.94678000000001
12.72262190812721
-6.198405759162316
14.647016949152576
33.0713770491803
-37.31905555555556
11.568896449704162
9.36814215686281
2.5174774774774455
0.013043689320387856
-16.98569767441862
21.281111801242226
14.800884920634951
2.611772344013488
9.734577669902896
18.255956097561
25.232194214876067
226.80268
17.57803768115943
18.970693121693117
9.308551126516464
-0.8532464454975726
-3.8527282608695645
8.315245508982056
4.781668769716098
0.4630909090909285
2.7472290748898684
-24.91271875
-20.754921052631584
24.61719480519479
17.56033333333334
-5.292747863247862
-10.978425149700593
-74.1247027027027
37.858259818731106
6.78482291666667
19.17215540540539
13.261517241379325
23.588863080684582
16.937157270029672
67.8912
-27.404759493670895
12.723664835164827
32.31061224489794
50.64425242718451
21.43417333333333
18.458119318181804
7.761687096774201
3.4493821656050976
9.314845132743372
-14.108500000000001
-10.182683870967743
-20.0140945945946
-15.644738095238106
12.823499999999994
-11.1701138211382
34.91355052264804
2.6126350000000103
36.82305442176872
15.856416666666645
2.0797469879518173
22.26496529968452
-3.9396611111111004
26.88432768361582
-58.48183870967742
20.81580110497238
16.434956896551732
47.06978423236516
-46.525935483870974
22.64033624454154
21.675078571428553
39.19940384615386
13.028121457489863
1.4466881720430245
-25.017908045977016
14.263961538461562
44.49549193548388
34.743262295081955
-6.33601941747573
29.560908045977026
7.776884955752217
2.5059454545454627
-2.02394303797466
30.684468085106413
17.67272509960156
-2.0714249999999947
-12.891305882352938
-5.330277419354858
-6.839910020449897
-1.3445072463768175
4.09342772861357
-6.763084812623285
22.784335680751187
-16.954929487179488
-7.755610169491534
-28.88463565891473
1.2223922155688813
-29.143000000000004
-33.15881707317075
8.80252409638555
-4.071403669724778
14.849923076923075
21.195335260115595
-14.050563218390803
6.426359374999992
-12.274500000000003
51.63163445378151
57.82371134020616
20.750398089171952
62.12990322580644
41.54057094594594
119.89657500000001
14.499516260162585
18.506197674418626
5.366391304347842
-14.276399999999995
44.8145590909091
24.89397452229296
6.139908256880713
43.61398723404253
-49.52569642857143
-33.52508823529412
-23.430333333333337
-205.0
8.012289575289577
40.72179999999996
-18.504151603498496
1.9837679083094166
-5.946534534534528
74.62586885245902
-13.993193133047209
33.62708280254776
-25.336504424778767
4.555958041958042
-35.04010714285714
49.20761206896553
17.93990365448505
-13.200173410404606
17.172938679245284
-36.73870000000001
-16.94108333333333
26.64011792452828
39.996046428571454
-38.35913333333333
9.06653237410071
25.875530612244898
3.8063529411764754
-12.989726027397264
-34.198670454545464
40.32883841463415
41.72873883161513
57.12841584158415
-3.1869546599496084
-7.3210437062936675
2.8814441860465094
4.516216666666668
-2.4238118811881315
-29.953794520547962
-8.351498168498194
-32.76174999999999
